1.101736938565909973e+01 1.191055263286729983e-02 1.846398829582089965e-02
1.889192951165469836e+01 2.780621356340870140e-02 2.670764583669759870e-02
2.745219679816269931e+01 4.938106492114110319e-02 5.009989125633609874e-02
3.621458538117759929e+01 8.780285103832609350e-02 9.701748343376699613e-02
4.506065921159439824e+01 1.383691037968259874e-01 1.507257447907429937e-01
5.394846240554799977e+01 2.116707288493130112e-01 2.118081555248770009e-01
6.285933914388260035e+01 3.041290248129440155e-01 2.985220912141580141e-01
7.178354174268829979e+01 3.954509065937629742e-01 3.919010679451480073e-01
8.071522484752590287e+01 4.804460639579090087e-01 4.762996587501989731e-01
8.965034358816480164e+01 5.365506221316069801e-01 5.293643840900780217e-01
9.858558716387079812e+01 5.294502215488060548e-01 5.321431256950369670e-01
1.075176703523240036e+02 4.919144509278919886e-01 4.796459861666200197e-01
1.164426367613120021e+02 4.051258802115499935e-01 3.991942303186760133e-01
1.253548376454370015e+02 3.060919728358900138e-01 2.968711707801809929e-01
1.342449533030859925e+02 1.982175058355540032e-01 1.955307487332519911e-01
1.430953457247630070e+02 1.090033052422740012e-01 1.314541518259260133e-01
1.518669118668150020e+02 5.109129944117250105e-02 5.359144850409040123e-02
1.604516299909919894e+02 3.012540866645820048e-02 3.054550920278209861e-02
1.684241666221840035e+02 4.457015480859410211e-02 3.907937981238449737e-02
